R_STRUCT = [0e-3   0.0709;
            1e-3   0.0658;
            2e-3   0.0473;
            3e-3   0.0502;
            4e-3   0.0804;
            5e-3   0.1001;
            6e-3   0.1292;
            7e-3   0.1613;
            8e-3   0.1970;
            9e-3   0.2367;
            10e-3  0.2810;];
        
p = [3.1385e+03, -9.0737, 0.0646];